10

19
-97710 -81930 -53014 -45647 -45203 -32929 -21123 -21066 -20521 -17962 -1637 24722 45050 57910 58979 60991 89854 98637 -98585

9
-56070 -43303 -28664 20012 20991 39265 43276 72198 -80888

32
-86587 -85159 -84510 -82392 -73123 -69934 -68418 -64382 -57747 -54439 -53703 -45317 -41731 -39580 -29728 -22572 -13628 4929 5817 23288 26857 27063 38280 41591 53341 65591 77956 79848 82551 83053 93235 -94815

4
-38204 60584 93773 -93143

10
-53707 -41365 -28461 -24149 -13691 18388 27076 31025 56416 -81505

14
-66670 -49139 -43428 -20670 -18067 -2004 19786 39914 41078 62261 74152 88759 92801 -69020

43
-93515 -91814 -88018 -80952 -80399 -79876 -78981 -76609 -72206 -62364 -61729 -47071 -43666 -37667 -37349 -33201 -29249 -21959 -16530 -14209 14091 20671 20949 24209 33677 34431 34520 36414 37957 52208 56279 59364 61882 64727 66458 69699 74427 74758 78626 82769 90566 94106 -97796

22
-71640 -70541 -63806 -53001 -50376 -32574 -31393 -26102 -25977 -10742 -9208 36155 37506 48846 49542 64548 72093 73111 87907 90850 98597 -98470

29
-94634 -89340 -75316 -72710 -68229 -66173 -52982 -50144 -48741 -39479 -39202 -32204 -29711 -25397 -15050 -14246 -12230 -3910 1854 16618 23988 50420 53508 71072 81387 82984 83863 99669 -97902

7
-78065 -74424 -65906 -11352 -1982 80929 -99648
