900.10000000000013650 26 32 48 32 22 22 1 8 26 13 22 26 23 23 42 16 45 27 9 9 32 8 38 21 48 37 50 42 14 41 14 27 38 41 13 50 23 23 13 38 45 13 48 11 14 27 8 45 26 
1205.90000000000031849 22 50 44 50 20 34 12 46 22 8 20 22 31 31 30 29 27 40 47 21 50 46 16 2 44 19 49 30 11 41 11 16 19 41 8 43 31 18 8 16 27 8 44 24 11 40 46 27 49 
1219.73599999999987640 19 2 41 46 24 31 20 29 44 49 11 8 30 49 11 2 30 46 44 21 34 47 43 16 24 12 50 18 27 19 49 19 46 41 40 50 27 13 40 30 41 34 19 8 22 27 44 41 22 
1251.50000000000045543 22 47 44 12 31 20 24 41 43 21 41 27 49 47 46 50 20 44 50 30 22 27 30 8 41 11 19 44 12 29 18 44 21 13 12 2 41 19 8 27 19 19 12 40 16 34 41 50 43 
1268.89999999999986441 22 27 35 11 22 34 47 8 40 49 18 2 41 50 29 50 27 11 13 44 12 31 19 21 30 24 43 18 8 13 16 8 8 2 30 11 35 27 46 27 49 27 30 20 16 43 12 22 19 
1323.50000000000045519 21 2 21 22 2 34 40 47 20 16 8 12 8 19 11 27 12 31 50 18 49 22 44 13 29 46 19 21 14 35 31 31 16 43 8 41 21 2 30 11 50 30 50 19 14 24 14 49 8 
1407.39500000000043741 45 20 13 43 12 21 30 43 16 9 46 47 41 43 21 2 31 43 27 11 8 13 35 49 18 40 13 19 50 27 14 46 34 45 16 44 50 19 24 47 19 16 29 14 22 50 9 46 46 
1411.10000000000036427 41 34 11 41 14 13 19 11 41 35 30 27 16 27 49 45 13 41 20 50 24 12 30 21 18 2 29 27 16 46 8 13 45 9 47 43 11 8 31 40 14 8 8 40 22 44 11 47 20 
1419.59999999999990935 9 20 31 19 21 13 14 31 9 29 9 46 22 40 50 41 13 41 19 2 16 27 14 30 19 8 34 47 41 44 18 27 46 50 34 45 19 8 12 35 24 19 24 11 49 43 20 7 40 
1422.97200000000043524 20 21 45 13 19 20 29 31 43 50 35 34 21 43 11 27 50 41 30 14 41 2 49 44 18 8 11 47 3 12 7 31 46 9 34 22 31 35 13 46 41 24 40 45 16 30 40 24 13 
1433.90000000000054631 8 24 31 49 2 41 22 40 27 46 11 27 20 3 16 13 41 16 7 8 12 14 49 43 18 21 11 47 49 44 45 45 35 19 3 50 46 12 45 12 27 14 11 9 30 34 29 40 41 
1437.28399999999965119 13 20 49 40 9 50 44 18 27 3 35 24 11 19 21 30 41 40 41 13 45 16 50 2 24 22 12 34 45 46 40 41 49 43 7 14 24 29 31 47 21 27 19 12 8 27 35 8 47 
1444.39999999999963635 20 9 35 27 12 14 43 7 27 19 31 27 49 29 8 45 46 14 47 21 13 41 11 3 16 50 9 40 7 44 31 16 34 24 11 16 31 14 8 14 50 14 19 22 2 30 18 20 20 
1451.84000000000014617 45 44 18 35 30 7 45 29 50 3 35 47 46 14 43 21 50 47 31 8 9 41 40 13 19 20 11 34 2 11 46 44 22 16 24 27 35 22 2 20 24 31 19 12 14 49 19 22 3 
1456.18800000000032949 19 22 40 9 11 43 31 7 9 22 50 43 8 20 3 41 19 19 24 13 50 2 12 16 9 27 34 47 34 49 43 8 35 45 18 14 17 24 46 45 21 34 20 44 21 30 29 40 17 
