9888.0960000000013689 9 10 10 10 7 7 7 7 9 10 7 9 2 2 3 2 1 1 3 3 10 7 1 2 10 1 9 3 9 7 9 1 1 7 10 9 2 2 10 1 1 10 2 3 9 1 7 1 9 
12088.39600000000064010 10 9 1 9 9 9 9 4 10 1 9 10 8 1 3 1 4 5 3 3 9 9 2 8 1 2 10 3 5 9 5 2 2 9 1 10 1 1 1 2 2 1 1 3 5 2 9 4 10 
12139.70000000000254710 10 3 1 9 1 9 3 4 10 3 4 2 10 3 2 9 9 1 9 3 10 2 3 1 2 10 2 1 9 1 1 1 3 3 9 8 4 5 1 2 5 2 9 5 5 9 4 9 10 
12159.8799999999992009 8 10 9 10 2 1 3 1 3 3 7 4 4 4 1 9 1 3 1 2 9 5 1 2 2 1 5 9 10 2 2 10 1 10 10 3 5 1 9 9 10 9 3 5 2 1 9 9 9 
12166.9399999999950523 5 5 7 4 10 3 1 1 10 9 8 1 1 2 9 2 3 10 10 3 9 9 10 2 1 9 10 9 1 3 2 9 9 9 5 2 1 10 9 4 1 4 1 4 8 2 2 3 10 
12185.4150000000026921 1 10 2 7 3 10 10 9 10 4 10 2 2 9 5 2 9 9 10 2 4 10 10 1 4 5 3 9 9 5 3 3 2 1 9 8 3 2 4 1 9 1 1 1 2 9 3 10 1 
12186.1049999999977449 3 3 1 9 5 2 9 1 9 4 4 1 2 3 10 8 2 1 2 9 2 9 4 7 1 10 10 5 8 10 1 9 10 5 10 1 3 9 2 10 1 3 3 9 9 10 1 2 4 
12205.5800000000035659 3 7 3 1 1 2 10 7 1 1 3 9 2 9 4 10 1 4 1 5 1 9 2 8 2 10 2 3 10 9 2 5 3 10 9 3 9 10 1 10 5 4 9 2 10 9 1 2 1 
12205.6099999999987639 9 3 1 10 1 5 3 2 9 3 2 9 10 9 1 1 1 9 1 9 7 2 1 3 3 2 3 1 4 2 10 2 2 10 10 9 10 1 10 4 5 8 5 4 8 7 3 4 9 
12206.0950000000048023 3 3 1 4 1 2 1 9 9 3 9 2 10 2 8 10 10 1 2 10 2 5 7 2 9 1 1 10 5 4 1 7 1 1 9 3 9 4 2 10 5 9 9 1 9 10 3 9 9 
12207.1600000000016735 1 5 3 8 9 1 3 10 2 9 2 1 3 10 9 7 4 10 1 10 9 9 3 9 9 1 1 10 3 1 3 2 1 4 2 2 5 10 2 10 1 1 7 2 2 4 3 9 9 
12208.4650000000019658 3 7 3 5 1 2 7 2 9 2 2 1 9 10 9 5 4 1 2 2 1 10 9 9 10 9 2 5 9 1 3 4 1 1 3 1 1 10 4 10 10 9 9 2 2 9 9 10 3 
12209.0549999999984729 8 4 7 5 2 3 10 3 5 10 5 10 9 4 2 9 10 7 1 5 9 3 4 1 10 1 9 3 10 9 2 2 1 9 9 1 1 3 9 1 9 3 10 2 1 10 4 1 2 
12210.1450000000058943 1 10 10 4 9 10 1 2 5 10 5 9 2 10 1 5 1 2 1 2 4 5 7 7 1 2 10 8 4 10 9 1 9 3 1 9 9 9 3 10 3 9 2 10 3 3 3 9 9 
12211.5200000000004371 2 2 1 1 10 4 7 3 9 2 7 3 2 9 2 9 8 1 10 1 3 9 1 10 1 4 2 9 9 1 9 3 7 5 9 10 5 4 1 10 5 9 3 3 9 1 9 2 10 
12214.5249999999996362 8 10 4 3 3 1 1 1 1 1 7 9 1 5 10 1 1 1 7 3 9 4 9 9 1 2 9 3 7 4 3 10 9 9 9 2 10 2 10 9 5 5 9 2 10 10 5 10 2 
12214.7999999999974531 5 2 1 9 9 4 4 7 9 10 10 10 10 1 1 9 9 3 9 9 5 1 3 10 5 9 2 1 3 2 3 7 10 9 1 3 2 1 9 2 8 2 10 4 2 3 2 4 10 
12215.1350000000020371 10 5 5 9 5 2 3 2 1 9 5 10 9 2 3 2 1 2 4 2 1 9 1 8 7 10 1 10 1 4 4 3 9 3 1 3 9 2 9 7 9 1 1 10 10 10 10 9 9 
12216.5949999999993454 10 2 1 3 7 9 7 2 3 1 10 3 9 3 5 3 1 2 1 9 9 2 1 5 10 9 1 10 10 8 2 4 1 10 9 1 1 2 8 9 9 4 3 10 9 5 10 10 1 
12218.5449999999964355 9 10 10 1 2 9 4 10 1 2 10 5 5 1 1 10 10 2 3 1 1 3 10 9 3 3 1 9 7 4 3 7 7 9 2 9 9 1 10 2 2 1 4 1 9 10 1 9 8 
12220.2700000000004374 9 10 2 8 1 2 3 10 1 10 3 10 3 3 4 3 7 5 5 9 2 10 1 1 9 1 1 3 2 1 10 2 5 7 1 1 9 10 9 9 9 4 9 9 5 2 10 9 2 
12223.7449999999971628 10 1 2 10 10 3 7 1 3 4 9 3 1 5 1 1 7 9 9 5 1 3 1 9 2 9 9 2 1 5 9 4 4 2 10 9 9 10 4 3 10 5 2 4 2 3 1 2 1 
